-0.010693
-0.174050
0.163296
0.075372
-0.134956
-0.102310
0.079715
-0.084377
0.044209
0.113198
0.056912
-0.147917
-0.137581
-0.193143
0.022651
-0.112734
0.009508
-0.217629
0.071250
0.098988
-0.012856
0.083615
-0.057579
-0.220455
-0.012819
0.019088
0.050649
0.019813
-0.022911
0.021813
0.053197
0.145865
0.206112
-0.121941
-0.127091
0.007618
-0.079947
-0.043163
0.154180
0.048664
-0.036029
-0.099753
0.034206
-0.143293
-0.070286
0.107332
-0.033315
-0.127542
-0.170106
-0.050413
0.060551
-0.079113
-0.039403
0.215561
-0.192153
-0.080172
0.175598
0.010045
0.219779
0.110100
-0.009560
-0.060220
-0.058948
0.034679
0.060097
0.012921
-0.089331
0.027216
-0.065509
0.064680
0.025880
0.160255
0.107416
-0.019738
0.094661
-0.005183
0.109348
0.045373
0.128716
0.189568
-0.179052
0.012961
0.117836
0.035170
0.055844
0.038051
0.026714
-0.041527
-0.152353
0.113755
-0.102190
-0.016713
-0.019196
0.072590
-0.032486
-0.165235
-0.319586
0.108024
-0.102131
-0.029471
0.047645
-0.078353
0.043244
0.182646
-0.107967
0.025000
-0.295461
-0.098042
0.023731
0.013251
0.073859
0.126939
0.089767
-0.162811
-0.082741
-0.006194
0.085617
-0.099770
0.150558
0.178243
0.008590
0.082688
-0.064259
0.150483
-0.039664
0.102451
-0.147431
-0.229886
-0.087516
0.045408
-0.072399
-0.064768
-0.050123
0.051310
0.089312
-0.184372
-0.012560
0.030388
-0.033005
-0.132989
0.132551
0.049490
-0.048982
-0.108421
-0.082117
0.110726
-0.130675
-0.164765
-0.055029
-0.164075
0.054592
-0.213423
-0.198909
-0.144306
0.086700
-0.060137
-0.052579
0.078024
0.031808
0.042193
0.085267
-0.145582
-0.011477
0.151341
0.112223
0.149728
-0.010311
-0.000580
0.019336
-0.131179
0.100420
-0.002911
-0.229642
-0.051127
0.117626
0.019540
-0.227443
0.018157
0.036999
0.034006
-0.257225
-0.007998
0.152150
-0.064785
0.148842
0.039074
0.097455
0.042327
0.111810
-0.121221
-0.138130
0.063073
0.007318
0.025589
-0.055671
-0.090751
0.045555
-0.118863
0.008212
0.011308
-0.156638
-0.089051
-0.168251
-0.091065
-0.119169
0.015398
0.019702
0.048136
-0.140376
0.096437
-0.027747
0.091763
0.007987
-0.023401
0.168950
-0.077121
0.035583
0.001265
-0.108049
-0.104163
-0.064250
0.118567
-0.183913
-0.037574
-0.011998
0.045233
-0.114527
0.028177
0.049953
-0.142810
0.170265
0.083706
0.022183
0.039999
-0.133356
-0.152456
-0.117454
-0.096718
0.130067
0.076051
-0.000154
0.106396
-0.139716
0.002513
0.001191
0.049701
0.177280
-0.042573
0.103936
0.106987
0.001863
-0.056096
-0.040442
0.038380
-0.065849
0.016291
0.037127
0.103404
-0.077483
0.142627
0.076552
0.112963
0.130341
-0.144860
0.198841
0.078709
0.011032
-0.075834
-0.105340
0.140350
-0.076763
-0.053992
0.140226
0.042167
0.134736
-0.024843
-0.048453
-0.010143
-0.012151
-0.074254
-0.116939
0.044398
0.095665
-0.046400
0.135475
-0.131416
0.063477
-0.091328
-0.069375
-0.092425
-0.066678
0.183020
0.121703
0.031121
-0.136524
-0.078482
-0.033451
-0.063627
0.055659
0.054214
-0.079009
0.091402
0.090718
0.236269
0.025852
0.077615
-0.087141
0.101985
-0.177405
-0.189799
0.116713
-0.072119
0.116118
0.052459
-0.134973
0.001058
-0.041439
-0.006489
-0.138120
-0.121758
0.217604
0.122930
-0.052851
-0.309073
0.092043
-0.006708
-0.124982
-0.034635
0.139147
-0.263871
0.062738
0.033732
0.057250
-0.061523
0.017441
0.077287
0.029790
0.177835
-0.004972
-0.181015
0.013187
-0.083892
0.145892
-0.134931
0.005816
0.015724
-0.105025
-0.084576
0.107802
-0.023091
-0.113833
-0.044893
0.028090
-0.020670
0.084112
-0.204217
0.026510
-0.001761
-0.093511
0.058486
-0.175721
0.088032
-0.014150
0.104698
0.111664
-0.083236
0.124523
0.030843
0.086026
0.053916
0.039368
0.147409
-0.065438
-0.131849
0.042198
0.015975
-0.080121
-0.025069
-0.163173
-0.110012
0.032548
-0.010550
-0.102170
-0.052030
0.096108
0.059032
-0.059316
0.214018
0.001470
-0.126379
-0.075758
0.182162
-0.039170
0.090208
0.092054
0.101738
0.003608
0.001083
0.119725
-0.128434
0.020419
-0.128302
-0.043076
-0.056616
-0.139721
-0.184749
-0.146645
-0.101309
-0.088666
-0.108261
-0.024395
0.075922
-0.141266
-0.104103
-0.002204
-0.109556
0.058848
0.040635
0.111730
0.063778
-0.017461
-0.110436
0.187857
0.104988
-0.051999
-0.221178
-0.123886
0.054118
-0.257137
0.043497
0.002149
-0.135500
-0.060173
-0.100880
-0.073431
-0.098766
-0.045681
0.076958
-0.212581
-0.021914
0.136942
0.207936
-0.058567
-0.121012
0.020400
0.028526
-0.039551
-0.189959
-0.015862
0.108297
-0.073399
-0.163601
-0.010533
0.100314
0.135098
-0.082404
-0.084590
-0.046356
0.024424
0.116949
-0.220205
-0.149026
0.059341
0.113165
-0.095480
-0.196722
-0.094964
-0.038228
0.059782
-0.063882
-0.180477
-0.159701
-0.048463
0.009013
0.061504
0.135241
0.086103
0.125737
0.026660
-0.008248
-0.110163
0.075123
-0.007007
-0.148951
0.090280
0.016664
-0.088431
-0.034409
-0.030723
0.144477
-0.083738
0.018028
-0.056855
0.136528
0.065526
0.156751
0.059496
0.030291
0.066183
0.138002
-0.085003
0.018497
0.027656
-0.117723
0.082556
0.089096
-0.058210
0.170154
0.030162
0.073514
0.140919
-0.071475
0.005047
0.009073
0.006079
0.010270
0.044303
0.012802
-0.123605
-0.046655
0.065842
-0.085942
0.051600
0.061896
-0.133031
0.051068
0.101854
-0.101928
0.085040
-0.235303
0.078447
-0.035666
-0.140993
-0.175313
-0.127123
-0.191859
0.016618
0.097340
0.016255
-0.090076
-0.017491
-0.073481
0.012369
0.008899
-0.003938
0.065975
-0.081693
0.132181
0.125753
0.073474
-0.062619
0.010948
-0.091429
-0.043432
0.127600
0.256046
-0.099833
0.079962
-0.068022
0.030015
-0.106993
-0.204440
-0.234515
0.012528
0.058985
0.227750
-0.031721
0.205298
0.114534
0.186692
-0.027760
-0.177547
-0.063937
-0.079673
-0.074308
-0.154854
-0.011380
0.107476
-0.156832
-0.116071
-0.131188
0.036708
0.039916
-0.118226
-0.089174
-0.185558
-0.065664
-0.021261
-0.183837
-0.025547
-0.008544
-0.051367
0.022812
-0.161321
-0.091309
0.200154
0.079269
-0.141620
-0.039621
-0.181909
0.002145
0.043464
-0.027837
0.062547
0.134739
-0.222614
0.122715
-0.055045
-0.260726
0.175504
0.288995
-0.160751
0.116310
0.007340
-0.056815
0.084580
-0.153790
-0.098182
-0.077045
-0.051285
0.023253
0.101417
0.030279
0.072205
0.016264
-0.062341
0.027301
-0.059281
0.106360
-0.043281
-0.161280
0.008924
-0.170239
-0.172531
0.094720
0.198455
0.058427
-0.085328
0.037367
0.092469
0.021509
-0.143580
0.099261
0.049505
-0.068467
-0.137022
0.053237
0.116945
-0.105093
-0.064938
0.169431
0.167512
0.096283
-0.121020
-0.153814
0.028522
0.041751
-0.239386
0.041816
-0.183467
-0.094874
0.034449
-0.065391
-0.023381
-0.041590
-0.162298
-0.074099
0.027499
0.139858
0.040478
0.185562
-0.084852
-0.134580
0.011830
0.101612
0.171933
-0.041147
-0.060623
-0.018108
-0.006499
0.100117
-0.038863
-0.005350
-0.147681
-0.044448
0.106902
-0.087912
0.173153
-0.095879
0.045274
-0.048374
-0.015742
0.045228
0.012953
0.194342
-0.115897
0.198866
0.261119
-0.079321
-0.000270
-0.189955
-0.282684
-0.177486
-0.156592
0.019417
-0.003783
0.050040
0.076085
-0.142959
-0.160007
0.079210
-0.161860
0.018072
-0.156188
0.149201
0.110230
0.061846
0.022515
0.089321
0.046187
-0.086311
-0.179246
-0.039437
0.084681
0.160221
0.176582
-0.197527
-0.173804
-0.100140
-0.122486
0.057503
-0.031879
0.028508
-0.265566
0.028204
0.255395
-0.239794
0.002118
0.047117
0.043993
-0.015841
-0.011625
-0.088526
-0.004179
0.172283
0.157352
-0.098895
0.099287
-0.043824
0.304080
-0.202198
-0.063430
-0.055152
-0.108396
-0.088906
-0.013700
0.074140
0.060378
-0.188809
0.048534
0.033653
0.022089
0.020820
0.082321
0.012171
0.014441
0.012525
-0.015671
-0.048663
-0.029449
-0.191842
-0.064589
0.090379
-0.190360
-0.101898
0.001004
-0.180743
-0.038408
0.165939
-0.094490
-0.186636
-0.006817
0.000892
0.007356
-0.029615
-0.017990
0.116057
-0.081305
-0.259026
-0.122188
-0.146402
0.207486
0.102843
0.164282
-0.139635
-0.187390
-0.052351
0.049388
0.054959
0.036164
-0.143607
0.151680
0.108367
-0.075348
0.029870
0.034554
0.211936
-0.037002
0.008442
0.068716
0.290127
0.126756
-0.255901
-0.252900
-0.077661
0.000652
-0.012761
0.118155
-0.151078
-0.172479
0.077754
-0.043150
0.017910
0.009384
0.051254
-0.005104
-0.150884
-0.068837
0.100670
0.130011
0.212783
-0.122474
-0.001080
0.017869
0.129682
-0.144541
-0.071986
0.104082
-0.098275
0.042031
-0.153695
0.083765
-0.001479
0.020665
0.096111
-0.052718
0.014730
-0.093442
0.156636
-0.075263
-0.195817
0.020804
0.125393
-0.038745
-0.091988
-0.097973
0.105031
-0.139751
0.183829
0.051128
-0.164769
0.025389
0.198617
0.052497
0.034951
-0.020032
0.148128
-0.031018
-0.053101
0.109790
0.144309
0.055848
-0.088851
0.184388
-0.107047
0.132636
-0.057638
0.019471
-0.059630
0.030588
-0.014007
-0.028669
0.040435
0.109487
-0.100230
-0.036094
-0.049060
-0.028116
0.053697
-0.106123
0.008294
-0.252276
0.116985
-0.082096
-0.036015
0.075650
-0.055118
0.058903
0.014508
0.065771
0.031533
0.203329
0.054971
-0.095564
-0.097320
0.105338
0.112804
0.124357
0.015032
-0.116860
-0.039019
-0.152105
-0.136736
0.101800
0.109767
-0.053451
-0.135256
-0.114283
-0.014252
0.207429
-0.012660
-0.120596
-0.058838
-0.168040
0.096673
-0.072714
0.027251
-0.010167
0.123163
-0.008331
0.065484
-0.104389
-0.239057
-0.106276
0.096769
0.127129
0.027536
0.171404
0.040455
-0.078195
-0.009777
-0.063955
-0.075771
-0.036836
0.019052
0.040795
-0.180981
-0.015201
0.101400
0.056797
0.000766
-0.025250
-0.048555
-0.089725
-0.152276
-0.178902
0.039165
0.079501
0.122923
-0.142554
0.027049
-0.105080
0.127191
-0.206432
-0.178441
0.209152
0.101387
0.179246
-0.000942
0.054206
0.006344
0.207424
-0.035573
0.165637
0.246374
-0.124137
0.143743
-0.122719
0.118156
-0.125270
0.042582
-0.040893
-0.182469
0.129070
0.121362
-0.152349
0.094486
0.065769
0.185019
-0.030060
-0.071227
0.074325
0.140232
-0.011700
0.029183
-0.120303
-0.198717
0.135341
-0.165884
0.077494
-0.111112
0.105163
0.096176
0.152026
0.055726
0.100982
-0.128181
-0.010690
0.065147
-0.057631
0.185294
-0.024676
-0.147164
0.022079
-0.011075
-0.105580
0.022760
-0.054263
-0.031450
-0.095050
0.094988
-0.100538
-0.022985
0.187819
0.091027
0.165678
-0.159584
-0.080631
-0.120165
0.100813
-0.055274
0.130251
-0.106043
-0.129532
0.053047
-0.079428
-0.270319
-0.063084
-0.210649
0.019882
-0.092630
-0.148274
0.102213
-0.225375
-0.068596
0.058749
-0.035523
0.044085
-0.066528
0.010511
-0.040735
-0.013390
0.150816
0.021675
-0.027099
-0.117649
0.043504
0.159259
0.093481
0.181525
-0.054180
-0.243896
0.089878
-0.024989
0.260227
0.122316
0.152119
-0.135255
-0.026877
-0.012221
0.080145
0.127175
0.048069
-0.020907
-0.028803
-0.037240
0.155610
0.099541
0.004624
-0.051287
-0.053609
0.092544
-0.042999
0.011994
-0.185891
-0.090299
0.161036
-0.120405
0.143579
-0.124566
-0.035592
-0.110863
-0.179163
0.114204
0.107970
0.107951
0.167352
-0.100273
0.100728
0.035547
0.193727
0.191454
0.265921
0.133484
-0.027142
-0.192950
0.159865
-0.078263
-0.081426
0.156830
0.043623
0.065189
-0.115790
-0.117008
0.200649
-0.059447
0.122843
0.144177
-0.029824
0.148700
-0.197136
0.012952
0.136461
0.148495
-0.048376
-0.100826
-0.043055
-0.005551
-0.053814
0.025288
-0.098210
0.121375
0.051947
0.219148
-0.106480
-0.098718
0.068183
-0.202621
0.148665
-0.069433
0.014034
0.080122
-0.133269
-0.060650
-0.049428
0.056177
0.040526
-0.171292
-0.139376
0.023025
-0.069167
-0.114616
