-0.233639
0.128647
0.075548
-0.191141
-0.099238
0.160902
0.078283
0.012961
-0.277584
-0.027884
-0.135560
-0.154700
-0.051520
0.016218
0.063660
-0.111758
-0.127754
-0.190818
-0.260182
-0.214379
-0.057394
-0.002528
-0.024199
0.287069
0.189485
0.085711
0.119153
-0.183199
-0.404803
0.108999
-0.105087
-0.148269
-0.191470
0.091311
0.023752
-0.068908
0.054902
0.019893
0.157626
-0.046890
0.112743
-0.245700
-0.287765
0.157601
0.280384
0.429058
0.063004
-0.026817
0.254751
0.133467
0.097551
-0.158446
-0.198948
0.129028
-0.233516
0.168590
0.238669
0.116988
0.267061
0.144147
-0.179750
0.307583
-0.163049
-0.086253
0.277920
-0.245514
0.224730
0.100912
-0.185502
0.183171
0.191348
0.356380
