0.019276
0.004113
-0.014662
0.028816
-0.115415
-0.056369
-0.106065
0.118378
0.010397
-0.009608
0.014423
0.032531
0.215373
0.019955
0.008542
-0.064655
-0.186541
0.107457
-0.081244
-0.055327
-0.042312
-0.057312
-0.131585
0.019713
-0.011414
0.062571
-0.009326
0.068453
-0.017003
-0.022285
-0.070845
-0.033830
-0.034947
0.060861
-0.012997
0.012388
-0.027311
0.038410
-0.047217
-0.087836
0.039847
-0.153260
0.010600
0.043000
-0.055530
-0.012860
0.029318
-0.176479
-0.012990
0.016216
0.035793
0.040918
0.097278
0.077150
-0.060788
-0.037038
0.031887
0.097703
-0.009519
-0.016484
-0.138267
-0.104983
0.044241
0.022816
0.081091
0.008321
-0.047085
-0.077519
-0.105900
0.014586
-0.033933
0.045686
0.016908
-0.016257
0.019823
-0.121023
-0.052596
0.026960
-0.053218
-0.123203
-0.024114
0.034118
-0.002815
-0.063631
-0.043433
-0.077822
0.030674
0.007469
-0.004242
-0.139205
-0.049269
-0.090061
-0.016864
0.120994
-0.002467
-0.019577
0.154527
0.003359
0.078851
0.044080
-0.001655
-0.092440
-0.033203
0.077243
-0.010505
-0.050201
-0.035522
0.082132
-0.003265
0.130506
-0.084536
-0.070152
0.074466
0.112270
0.019516
-0.081369
0.076241
0.018595
0.021141
-0.040484
-0.026443
-0.139783
-0.016799
0.097404
-0.015685
-0.009763
0.142645
-0.099575
0.098290
-0.018603
-0.095302
0.023092
-0.109651
0.105767
0.045101
-0.091820
-0.090138
0.010248
0.069149
0.027501
-0.059272
-0.116965
-0.080502
0.098158
-0.026706
-0.012105
0.167344
-0.012010
-0.035731
0.028352
-0.021994
-0.045753
0.000120
0.160146
0.059010
0.045346
0.099533
0.065500
0.148372
0.064518
0.015099
-0.029625
0.027638
0.065484
-0.102322
-0.073685
-0.172077
0.107434
0.009252
-0.027882
-0.063526
0.047675
0.117288
0.105025
0.059842
-0.051097
-0.226460
0.093683
-0.114576
-0.022707
-0.128699
-0.003776
0.038217
0.006739
0.070114
0.031774
0.030491
0.020062
0.034570
-0.237926
-0.021395
-0.002939
0.086634
0.060723
-0.086725
0.042155
-0.149777
-0.022567
-0.003909
0.033244
0.039834
-0.156051
0.115353
0.119593
-0.137945
-0.013321
-0.020678
-0.122975
0.176645
0.082321
-0.058462
-0.036455
0.015000
-0.028778
0.042365
-0.020243
-0.035656
0.024507
0.001986
-0.006887
-0.113705
-0.086305
0.057551
0.210450
-0.017118
-0.156316
-0.018409
0.179431
0.024733
0.004509
0.016468
0.041203
-0.059851
0.041818
0.132294
0.035442
-0.131029
0.112864
-0.027824
-0.105179
-0.071920
-0.030939
0.075564
0.009724
-0.041106
-0.063290
0.016870
0.024355
0.018617
-0.148514
-0.152181
-0.132608
-0.115689
0.005300
0.006833
-0.045266
0.021262
-0.036369
0.023718
-0.078062
0.077212
-0.006791
0.045600
0.073354
-0.108029
-0.057875
-0.116838
0.108716
-0.043890
-0.034577
-0.107030
0.070100
0.013829
0.057205
-0.016964
-0.006819
-0.042291
0.027967
0.001826
0.040179
-0.066142
-0.015583
0.081061
-0.020288
0.078058
-0.008053
0.193701
-0.154433
-0.071244
-0.072730
-0.071687
-0.039658
0.037034
0.012296
0.034059
-0.069301
-0.010366
-0.083476
0.054897
0.071847
-0.134877
-0.058372
-0.136980
-0.032991
0.125856
-0.091929
0.159352
0.147753
-0.010725
-0.209345
0.034955
0.115908
0.083107
0.000892
-0.019705
0.003476
0.115763
-0.024459
-0.034667
-0.171593
0.027234
-0.131385
0.070756
0.065725
-0.085863
-0.035702
-0.151406
0.005754
-0.002642
0.063199
-0.053310
-0.061139
0.038480
0.117957
0.027312
0.043672
-0.148133
0.082323
-0.014061
0.039320
-0.111226
-0.009246
0.114605
-0.023943
0.022122
-0.160423
-0.063730
0.013740
-0.050321
-0.046347
-0.027112
-0.120575
0.045900
0.061528
-0.272961
0.084448
-0.090674
0.020062
-0.030877
0.007544
-0.003800
-0.033692
0.064957
0.086916
-0.087554
0.046039
-0.038788
-0.017825
0.066543
0.114441
0.014203
0.079412
0.051284
0.067040
0.017135
0.029051
0.025615
0.001135
0.063647
0.027614
-0.067944
-0.155492
-0.012942
0.057812
-0.078615
0.067799
-0.184845
0.085435
-0.029601
-0.061608
0.042691
0.104823
-0.019738
-0.001855
0.070133
-0.077127
-0.152777
0.055970
-0.043432
-0.029650
-0.046653
0.028089
0.023692
-0.003862
0.015363
0.033260
0.000635
0.005798
-0.001877
-0.071135
-0.079255
0.023726
0.002889
0.016052
0.157735
0.018481
0.002463
-0.078241
0.036992
-0.157827
0.020686
0.004136
0.061069
0.070017
-0.194820
0.006992
-0.148224
0.083513
-0.010931
0.050485
0.008286
-0.020717
0.032176
0.082694
-0.174781
0.114697
-0.100207
0.107579
0.079907
0.074799
0.015116
0.124214
0.003845
-0.019587
0.220844
-0.005369
0.170595
-0.157547
-0.035009
-0.106466
-0.053985
-0.193190
0.093520
0.011847
-0.247003
-0.063806
-0.071308
0.048869
0.076439
0.093275
-0.069331
0.075082
-0.153466
0.066781
0.195357
-0.125681
0.032257
0.031698
-0.021494
-0.154355
0.011116
0.092872
0.005038
0.076465
0.081298
-0.059028
-0.013397
0.021261
-0.070793
-0.106976
-0.016262
-0.078814
-0.032056
-0.047745
-0.042669
-0.033211
-0.116814
-0.021742
-0.020296
-0.002217
0.013794
-0.129502
-0.013912
0.005867
-0.001539
-0.015919
-0.067229
0.004630
-0.065034
0.016258
0.023955
-0.059534
0.093065
0.085786
0.036366
-0.101196
-0.092517
-0.011359
0.055979
0.076933
0.062995
-0.060680
0.015156
0.055033
-0.213665
0.103680
-0.009876
-0.047334
0.051406
0.036574
0.035483
-0.083742
0.007596
0.018762
-0.191943
0.025786
0.071112
-0.075677
-0.012606
0.085249
-0.054354
0.058424
0.042046
0.022995
0.131532
-0.100280
0.045580
-0.093566
-0.058980
-0.188708
0.002622
-0.156935
-0.067976
-0.051989
-0.041838
-0.014028
-0.179364
-0.085798
0.008145
0.065008
0.025681
0.010377
0.069648
-0.005016
0.013751
-0.063741
-0.128963
0.024003
0.010510
0.023586
-0.017913
0.033892
-0.037955
-0.136700
0.090195
0.016767
0.092356
-0.209105
-0.051689
-0.084701
-0.076078
-0.025242
-0.009971
-0.134893
0.221316
0.002680
0.010725
-0.117776
0.044285
-0.202526
0.016002
0.008254
0.024663
0.070191
-0.086356
0.088376
-0.105107
0.062206
0.037234
0.053044
-0.035109
-0.113497
0.053093
0.038565
-0.136058
0.147446
0.056608
0.094315
0.098099
0.114968
-0.001271
0.095354
0.064653
-0.008499
0.096026
-0.029498
0.196838
-0.198474
0.027028
-0.163738
0.020473
-0.216239
0.143878
-0.000769
-0.239557
-0.078337
-0.019914
0.035287
-0.006782
0.027989
-0.046230
0.036133
0.009784
0.154596
0.053121
0.004191
-0.033035
0.006840
-0.026463
-0.082964
0.012231
-0.035410
0.033678
0.033970
0.061553
-0.062318
-0.145465
-0.134354
0.019745
-0.143905
0.036235
0.028440
0.010368
0.037511
0.054531
0.081381
-0.031382
0.039451
0.075791
0.080928
-0.002578
0.011108
-0.089324
-0.073979
0.044879
0.036607
-0.024113
0.054831
-0.015596
0.004747
0.102438
-0.215797
0.087213
0.133335
-0.136224
-0.195426
-0.042701
-0.056032
0.114320
0.067143
-0.004245
-0.151069
-0.175013
0.030847
-0.111216
0.076562
0.014632
-0.052326
0.045491
-0.113564
0.049850
-0.087103
-0.061115
0.025881
0.231399
0.140219
0.107376
-0.028589
-0.041041
-0.000310
0.034229
0.030429
0.058520
0.002492
0.179328
-0.002597
0.093841
-0.013910
0.074681
-0.203012
0.019866
-0.005090
-0.080863
-0.050242
0.018735
0.166752
-0.036662
0.009191
0.062505
-0.016012
0.065765
0.024422
0.050180
0.017586
0.052927
-0.001459
-0.030717
0.036197
0.044980
0.045918
-0.091648
0.093764
-0.230794
-0.096216
0.122127
-0.040196
-0.009044
-0.092532
-0.012643
-0.187071
0.026103
-0.118000
-0.182135
-0.167505
0.161222
-0.084245
0.088411
-0.098885
0.203656
0.047230
0.031760
0.030699
-0.013741
0.011740
-0.015846
0.116843
-0.009795
0.063581
0.063863
0.075290
-0.009257
-0.166734
-0.039618
-0.062019
-0.217783
0.058006
-0.025836
0.032661
-0.016879
0.007788
-0.126382
0.071721
-0.123014
-0.020777
0.097241
-0.050155
0.026867
-0.052061
-0.034274
-0.048485
0.141172
-0.232302
0.087189
0.113222
-0.016776
-0.088804
0.157008
-0.021225
0.003597
0.056804
-0.140279
0.038815
-0.097769
0.028128
0.017145
0.020346
-0.115926
0.082334
0.011005
0.002986
0.057200
-0.047620
-0.024517
0.107309
0.078736
0.000127
0.000439
-0.048271
0.071556
0.046405
0.009846
-0.100141
0.085785
-0.025569
0.004680
-0.165768
-0.061123
0.164981
0.005998
-0.096823
0.015201
0.118217
0.097183
0.083876
-0.039381
-0.117001
-0.011794
0.131680
-0.019085
-0.132666
-0.102537
-0.151133
-0.178808
0.005933
0.111355
-0.071867
0.220976
0.070442
0.070155
0.043748
-0.043584
0.056313
-0.008005
0.016341
0.004910
-0.021938
-0.059488
0.176834
0.046516
-0.020095
0.057048
-0.029174
0.004852
0.070734
-0.029311
-0.057014
-0.101256
-0.055487
0.062754
0.116536
0.094752
0.039679
0.007305
0.014564
-0.027831
-0.030752
0.069795
-0.047793
0.000721
-0.037144
-0.054120
-0.066483
0.071017
0.082560
-0.132867
-0.107898
0.029365
0.057956
-0.025498
0.008026
0.068326
-0.004722
0.033330
0.002567
0.045776
-0.093034
-0.167770
0.057928
0.041962
-0.027136
-0.029721
0.028025
0.018033
0.053348
-0.017515
-0.038882
0.009638
0.047192
0.044323
0.012314
0.035414
-0.017598
0.071713
0.063878
0.119387
-0.044632
0.002121
0.022132
0.114190
0.073811
-0.052272
-0.141681
-0.042091
0.034547
-0.076396
-0.024333
-0.060331
0.202821
0.078516
0.000512
0.057024
-0.012343
0.044328
0.173410
-0.071822
-0.115509
-0.098129
0.097950
0.085871
-0.055779
-0.040936
-0.106779
-0.049173
0.022083
0.059898
0.033099
0.149335
-0.043452
0.038660
0.076608
-0.033838
-0.111752
-0.167435
-0.056042
0.058112
0.091005
-0.066462
0.088034
0.104200
0.082809
-0.024876
-0.020427
-0.036978
0.029433
0.126374
-0.066168
0.059212
0.064066
0.076560
-0.005643
0.025810
0.060338
-0.246453
-0.040715
0.060126
0.050951
0.010606
0.014981
0.011119
-0.073456
-0.044656
0.000610
0.013122
-0.017622
0.018514
-0.092580
-0.105058
0.195422
-0.049457
-0.125260
-0.113745
0.099563
0.087832
0.113561
-0.179977
-0.122279
-0.273632
0.152301
-0.030192
-0.177675
-0.023013
0.048304
-0.043856
-0.128551
0.203351
0.087963
0.006816
0.015986
0.051024
0.078829
0.104193
-0.054776
-0.010672
0.092050
-0.210119
-0.023190
-0.223413
0.083656
0.050829
0.070886
0.032474
-0.061177
-0.034342
-0.055196
0.038987
-0.106750
-0.120504
0.078498
0.030686
0.096048
0.059693
-0.019157
0.044772
0.075566
0.051570
0.029501
0.045512
0.025131
-0.003797
0.036063
-0.010148
0.030956
0.148424
0.076849
-0.050405
-0.032614
-0.050249
0.121845
-0.014316
0.033949
-0.027618
-0.000996
0.016331
0.047404
0.008128
-0.040455
-0.074623
0.062919
-0.019084
-0.094760
-0.047713
-0.152130
0.021960
0.006678
-0.036848
-0.023892
-0.096305
-0.019621
0.071998
0.046063
0.050716
-0.114276
0.023769
-0.048075
-0.035912
-0.025331
-0.000007
-0.055950
0.094325
0.054949
0.052834
-0.145309
0.018135
-0.156175
0.138026
-0.042157
-0.066591
0.133460
0.008382
-0.040535
0.034495
0.056808
0.035997
0.017763
-0.006140
-0.044917
-0.051880
0.107344
0.129058
0.055316
0.008943
-0.079206
-0.015347
-0.069386
-0.004815
0.021134
0.047451
0.117869
-0.057550
-0.033701
0.108712
-0.003098
-0.029970
-0.041786
-0.120534
0.068909
-0.203530
-0.034177
0.198533
0.090565
0.031442
-0.084325
-0.059093
0.018274
0.254924
0.088114
0.090855
-0.008111
-0.168850
-0.121992
-0.072837
0.171604
-0.047767
-0.019954
0.123150
0.134262
-0.002443
0.105241
-0.001836
-0.015419
0.070589
0.021024
0.048943
0.036004
-0.077998
-0.044887
-0.019419
0.017753
0.047056
-0.121496
-0.030882
0.046455
0.139999
0.099219
-0.137422
-0.019985
-0.198635
0.186999
-0.044944
-0.135886
0.016258
0.010633
0.048857
-0.046119
-0.053152
-0.132289
-0.164964
-0.045894
0.097333
0.084251
0.029183
-0.005616
-0.019752
0.025893
-0.087136
-0.011685
-0.097203
0.080370
0.051041
0.042802
0.039234
-0.048094
-0.010406
0.078132
-0.046398
-0.046176
-0.036755
-0.061442
0.003407
0.060147
0.005275
0.020466
-0.046850
0.139532
-0.170111
-0.088444
-0.042150
-0.041868
-0.044642
0.044224
-0.072036
0.063571
0.048959
0.064392
-0.147196
0.151667
-0.074145
0.023557
0.038072
-0.017940
0.004904
0.031930
0.079475
0.090203
-0.073471
-0.017014
-0.122230
0.109184
-0.012318
-0.086874
0.056056
-0.169706
0.006233
-0.061996
-0.023633
0.052845
0.056057
-0.016642
0.023793
0.052581
-0.042092
-0.099205
-0.032248
-0.049322
0.021420
-0.067097
-0.029787
-0.009445
0.056137
0.077532
0.107113
-0.027552
-0.035747
-0.020487
0.068663
0.012300
-0.031217
0.120247
0.060262
0.116172
-0.056706
-0.107137
0.039118
-0.011821
-0.108360
0.067541
-0.028716
0.105773
0.114064
0.155585
0.016011
0.065698
0.023643
-0.081458
0.054250
0.129089
0.045828
0.063577
-0.007171
-0.081414
0.045193
-0.057436
0.062150
0.003671
-0.173417
-0.063951
-0.276904
0.103870
0.095825
-0.026404
-0.089372
0.030064
0.014088
0.113409
0.210692
-0.106400
0.074270
-0.068523
-0.067754
-0.156181
0.010037
0.120943
0.013858
-0.009600
0.044014
0.057688
-0.262401
0.036612
0.109763
0.058735
0.009662
0.012434
0.041937
0.021253
-0.059865
-0.017234
-0.050988
0.033650
-0.028375
0.019225
0.018479
0.000386
0.006152
-0.152970
-0.233893
0.185598
0.130087
-0.068427
-0.105831
-0.046174
0.096864
-0.041727
0.068111
-0.004595
0.074674
-0.112699
-0.226459
0.036201
0.018913
-0.008671
0.018928
0.002988
-0.048239
0.029096
-0.122007
0.137038
-0.028807
0.153746
0.043925
0.072814
-0.089653
-0.116234
-0.012642
0.121233
-0.208769
-0.077958
0.026682
0.042541
0.005224
0.019121
-0.093183
0.064250
0.071160
0.002050
-0.040778
-0.272203
-0.219256
0.036877
-0.079722
-0.052118
-0.060219
-0.158817
-0.084507
-0.038938
-0.201793
0.152499
0.039365
-0.082422
-0.005803
0.066841
0.049332
-0.043611
0.065064
-0.015512
-0.106829
0.088330
0.062688
-0.017703
-0.101825
-0.059343
-0.096628
0.032343
-0.060160
-0.174739
-0.006397
0.039786
0.082061
-0.077710
-0.004839
0.051214
-0.077105
-0.159796
-0.077418
-0.017907
0.022862
0.026905
0.086739
-0.006969
0.076113
0.060589
-0.055602
-0.034029
-0.059282
0.021730
-0.051435
-0.042714
-0.009492
0.016812
-0.003884
0.063929
-0.034765
-0.317488
-0.024329
0.034992
-0.161832
0.094904
-0.023783
0.065782
0.030380
-0.009711
0.043514
0.121799
0.045713
-0.089116
0.079087
-0.035366
-0.114036
0.101687
-0.074093
-0.079088
0.121370
-0.146071
0.071515
-0.073624
-0.131407
0.026915
-0.023985
0.075895
-0.032018
-0.036080
-0.091315
-0.045312
0.057070
0.104370
-0.009143
-0.337570
-0.085705
0.052990
0.113739
0.060200
0.120869
-0.032870
0.169394
-0.078297
0.176315
-0.212998
-0.167971
-0.003102
0.057690
0.035743
0.020662
-0.044991
0.055810
0.013994
-0.031142
-0.090438
0.015600
0.055165
-0.018807
0.025676
-0.002900
0.002766
0.040275
-0.102491
-0.081537
0.072039
0.170691
0.041029
-0.111027
-0.016355
0.140328
-0.164842
0.082404
-0.059087
-0.076839
-0.159981
0.083935
-0.083555
0.061917
0.063996
0.057566
0.069116
-0.252396
-0.078962
-0.023091
0.228061
-0.087641
0.076763
0.140742
-0.001347
-0.029938
-0.157244
0.068916
0.117834
-0.037293
-0.002214
-0.022377
0.012178
0.086699
-0.046379
0.174346
-0.087615
0.103510
-0.071828
-0.046158
0.030068
-0.034773
-0.073911
0.053505
-0.096768
-0.038119
-0.184303
-0.276108
-0.101369
0.023551
0.309118
0.133720
-0.150955
0.016684
-0.020132
0.021696
-0.111089
0.016631
-0.078133
-0.075767
0.142438
0.165381
-0.040659
-0.077400
-0.005512
-0.049047
0.092560
-0.160992
-0.279978
0.164871
0.085400
-0.030131
0.122316
-0.125065
-0.180714
0.027656
0.014717
-0.131240
-0.119159
0.236237
0.066552
-0.029013
-0.145055
0.080304
-0.055994
0.036852
0.033121
-0.056064
0.034313
0.007996
0.033259
0.036382
0.090758
0.068662
0.066747
-0.050537
-0.168993
-0.153220
-0.100837
-0.188945
0.140546
0.040431
-0.039746
-0.010206
-0.021527
0.128464
0.181929
0.072955
0.002101
0.186384
-0.165211
-0.063281
0.073895
-0.038311
-0.103138
0.180091
-0.164468
0.149706
-0.161276
-0.246459
0.057719
0.012530
-0.005045
0.072442
0.050494
0.090572
-0.041552
0.097973
0.120815
-0.002102
-0.325320
-0.098342
0.075618
0.073573
0.083785
0.195658
0.051467
0.027467
-0.072001
0.143356
-0.298103
-0.051710
-0.006450
0.088773
0.166452
-0.105440
-0.011445
0.079179
0.065843
-0.133688
0.095708
-0.165711
-0.030141
0.010105
-0.202320
-0.175223
0.178338
0.133219
0.069901
-0.036782
0.020712
-0.177749
0.064612
0.028047
-0.056119
0.040522
-0.042209
-0.270749
-0.170481
0.014255
0.041405
0.055410
-0.016294
-0.038314
0.023093
-0.022502
-0.105456
-0.045700
-0.048429
-0.008242
-0.016910
-0.157393
0.048487
0.055787
-0.022115
0.105411
-0.018014
-0.049788
-0.192516
-0.009941
-0.079141
-0.101349
0.068455
0.056956
-0.037076
0.087897
-0.003450
0.036550
-0.035196
0.134888
-0.048806
0.036670
0.144626
-0.014910
-0.001737
-0.097722
-0.090291
0.000845
0.072656
-0.061700
-0.039222
-0.094675
-0.022519
-0.037257
-0.119223
-0.122517
-0.003133
0.088060
0.112802
0.002688
0.007432
-0.050301
0.104451
-0.113511
-0.126245
0.022329
-0.054476
0.078055
-0.047632
0.023495
-0.142827
-0.130476
-0.010908
-0.030461
-0.039989
0.116454
-0.154760
-0.074123
-0.067637
-0.021178
-0.021511
0.087086
-0.029860
-0.023535
-0.008014
-0.032819
-0.025997
0.025062
0.122200
0.032527
0.092611
-0.051414
-0.019211
0.113676
0.080505
-0.020504
-0.097247
-0.168579
-0.009290
0.007543
0.085774
-0.010841
0.108142
0.055354
0.000887
0.039717
-0.080430
-0.174747
-0.214466
-0.023880
-0.097414
0.062891
0.124162
-0.018076
-0.014460
-0.003500
-0.052310
-0.157997
-0.134213
-0.005938
0.031986
0.103809
0.013215
0.164593
0.021199
-0.092080
-0.063504
-0.149718
0.021884
0.027645
0.036843
0.047667
0.039065
-0.003916
0.007029
0.059550
0.035155
-0.238815
-0.181588
0.077349
0.066545
0.099973
0.061453
-0.016205
0.044518
-0.117084
-0.056550
0.016523
0.117204
-0.008189
-0.072285
-0.187882
0.149959
0.018242
0.043539
-0.207717
0.070464
0.086914
0.106112
-0.059465
0.074234
-0.285379
0.059919
-0.070721
-0.032454
0.067502
-0.031713
-0.124382
-0.084358
0.038042
0.028996
0.061143
-0.002983
0.130820
0.111084
-0.108151
-0.126078
0.105642
-0.018666
0.053581
-0.068370
-0.075572
-0.027273
0.026694
0.008654
0.058277
0.015051
0.144525
-0.196753
0.113449
-0.018860
-0.154499
-0.149177
0.174733
0.119057
0.060463
0.047466
-0.007285
0.043807
0.021524
-0.008823
-0.018261
0.115651
-0.004688
-0.102528
-0.061329
0.005161
0.054500
0.102565
-0.022379
0.028595
-0.133263
0.107725
-0.152754
0.002984
-0.148261
0.079252
0.027898
0.144358
-0.227288
-0.004539
-0.147895
0.184203
-0.078895
-0.188695
0.027498
-0.026659
-0.055637
0.094988
0.071839
-0.081662
-0.035561
-0.086205
-0.026398
-0.002349
-0.003300
0.043467
0.044194
0.056833
0.008610
-0.023721
-0.030943
0.036234
0.079643
0.031394
0.007957
-0.080155
0.011464
-0.059323
0.039876
0.096944
-0.107792
-0.074773
0.112566
0.134329
-0.201320
0.028277
0.011621
-0.059744
0.110162
0.054982
-0.097770
-0.107230
0.091845
0.130858
0.033352
-0.044841
-0.177209
-0.057853
0.119846
0.048768
0.010522
0.060934
0.027554
0.077994
-0.008150
0.028823
-0.011592
-0.058417
0.026563
0.008371
-0.134960
-0.157441
0.173178
0.100780
-0.032796
0.005404
-0.087945
-0.016922
0.067817
0.067372
-0.040984
0.215129
-0.026114
-0.146781
0.029455
-0.052023
-0.173733
-0.065596
0.080456
0.078274
0.105723
-0.163714
0.114432
0.130120
0.014751
-0.074448
0.121296
-0.092585
0.071701
0.023831
0.008215
-0.002090
0.080633
0.006105
0.004076
-0.127033
0.049124
0.070668
-0.025839
0.054340
-0.100336
0.067221
-0.114215
0.005672
-0.011948
-0.049480
-0.132750
-0.095836
-0.037025
-0.070714
-0.092592
-0.029638
0.061272
0.001355
-0.227798
-0.202665
0.022131
-0.010344
-0.014439
0.043680
0.061203
-0.236606
0.005953
-0.010520
-0.169595
0.007348
0.005250
0.070917
-0.029819
0.054610
-0.018647
-0.057352
0.112422
0.147719
-0.263613
0.116460
0.049875
0.174583
-0.030363
-0.019749
-0.004266
-0.037048
-0.045819
0.069769
-0.040980
-0.174493
0.057382
0.077271
0.038036
0.002743
-0.205691
-0.018463
-0.052263
0.072580
-0.027726
-0.133062
0.175488
0.069125
-0.215230
0.077325
-0.088958
-0.021807
-0.060316
-0.132459
0.006336
0.008420
-0.121542
0.114454
-0.028206
0.022186
0.077131
-0.130281
-0.095905
0.004141
-0.004030
-0.152795
-0.121336
0.067834
0.042321
-0.001633
0.023083
0.047981
0.064010
0.056993
-0.199841
-0.189349
0.025925
-0.127771
0.090406
0.013382
0.070471
-0.151214
0.024421
0.082490
-0.165476
-0.369166
-0.041978
-0.121985
0.074225
-0.045110
-0.116505
-0.169241
-0.028938
0.066655
0.073082
0.091719
-0.035609
0.050793
0.039773
0.089670
0.074848
-0.014300
-0.015316
0.050758
0.052509
-0.063426
-0.015923
-0.007806
0.126754
0.075848
0.024046
-0.055119
0.087392
0.122645
0.150356
0.007077
0.052526
-0.113444
-0.094609
0.054949
-0.195087
-0.072522
0.115376
-0.060441
-0.107804
0.030787
-0.129443
-0.048065
-0.014490
0.011419
-0.053509
-0.101867
0.129106
-0.002435
-0.144553
0.036506
-0.021101
0.020141
-0.002724
0.003706
0.086991
-0.262084
0.044888
-0.046462
0.146487
-0.120387
-0.058991
-0.104814
-0.087420
0.203471
0.068668
-0.099394
-0.215722
0.014405
0.011168
-0.157433
-0.054878
-0.032946
0.049474
-0.006773
-0.013554
-0.011461
-0.074465
-0.030938
-0.204910
-0.147898
-0.020299
0.106680
0.049969
0.041839
0.063645
-0.023901
0.055997
-0.009884
0.009363
-0.132595
-0.054074
0.090205
-0.096421
-0.022123
0.055568
0.025262
0.104702
0.035809
0.010847
0.012369
0.056571
-0.053543
0.000680
0.028058
0.083765
0.173450
-0.000505
-0.082688
-0.032695
-0.234777
-0.151946
0.072816
0.011305
0.082575
-0.034897
-0.117249
0.160937
-0.041064
-0.004059
-0.125855
0.090010
0.046811
-0.212631
0.150236
0.167585
-0.136961
-0.130540
-0.087954
-0.361875
0.083978
0.058684
0.144341
0.028233
-0.078429
0.083312
0.043733
0.095083
-0.039609
-0.182016
-0.138827
-0.069500
0.071574
-0.078158
-0.112180
0.003449
0.041581
0.123221
-0.088896
-0.272434
-0.203147
-0.039356
0.039987
0.099456
0.051783
0.179760
-0.034278
0.033908
0.004562
-0.222337
-0.162307
0.051951
0.099231
0.074484
0.081016
0.039624
0.031641
0.010466
0.005921
-0.009912
0.226077
0.101606
-0.008629
0.031820
-0.166615
-0.191530
0.154959
-0.011234
0.068885
-0.033834
-0.149148
-0.098002
0.024191
-0.147234
0.030115
-0.041024
-0.070301
0.000722
-0.079255
0.047576
-0.026791
0.051738
0.026301
-0.014499
-0.043578
-0.201223
-0.018460
0.008619
-0.010530
0.072880
0.055422
-0.021092
-0.082202
0.089791
-0.121005
-0.146606
0.058460
-0.109901
-0.044928
0.024594
-0.071685
-0.023810
0.064390
0.020488
0.073435
0.074505
-0.080867
0.051171
0.062682
-0.125344
0.141316
-0.045088
-0.064862
-0.103318
0.161052
0.073068
0.007893
-0.154173
0.026953
0.012872
-0.050127
-0.122924
0.087221
-0.020223
0.072335
0.082677
0.047086
-0.005044
-0.090685
-0.071919
-0.099642
-0.038386
-0.103850
0.044584
-0.154142
0.107772
0.020408
0.013141
0.002118
0.106848
-0.182217
-0.089258
-0.052029
-0.127946
-0.000621
0.066206
-0.085576
0.120936
0.021553
0.126524
-0.006488
-0.034080
-0.134147
-0.190070
0.013239
0.114751
-0.004415
-0.001108
0.004248
-0.122541
-0.183498
-0.165314
-0.007923
-0.027825
0.106218
-0.078814
-0.098341
0.118673
-0.108721
-0.158704
-0.158304
-0.124060
0.007205
-0.177107
0.092265
0.078237
-0.057371
-0.065157
-0.060647
-0.048571
-0.063703
0.046912
-0.119123
0.104009
-0.227170
-0.095941
-0.105670
0.062371
-0.130036
0.044806
-0.161034
0.069977
-0.001946
0.081997
-0.173192
-0.054559
0.133931
0.225279
-0.195051
-0.097419
-0.139333
0.082954
0.004572
0.127534
-0.033234
0.059056
0.120201
-0.046769
-0.068365
-0.170621
-0.033775
-0.001491
0.041208
0.062056
0.028358
0.063196
0.145210
0.015459
-0.202168
0.063282
-0.156682
0.094788
-0.100060
0.157126
-0.182750
0.050115
0.197847
-0.150260
0.014787
0.128879
-0.013063
-0.139736
-0.003620
-0.008310
0.079553
0.060415
-0.018706
0.041911
-0.118405
0.079201
-0.057353
0.034349
-0.029031
0.014008
-0.117459
0.015794
0.059890
0.000322
0.022766
0.075750
-0.000145
0.087830
-0.103290
0.185117
-0.064140
0.011720
-0.022870
-0.197353
0.021213
-0.118742
0.125202
0.062238
0.110804
-0.078689
0.094531
0.013815
-0.070099
0.027459
-0.040083
-0.206689
0.091142
-0.125794
0.004455
0.035085
0.004464
-0.142625
0.077656
-0.088122
-0.022781
0.026120
-0.161939
-0.021653
0.025856
0.033349
0.016083
0.045446
-0.001052
0.037407
0.120531
-0.160247
0.036353
0.059161
0.013137
-0.046901
0.008077
-0.033718
-0.023337
-0.027730
0.057361
0.105004
-0.076237
0.151226
-0.165518
0.152076
-0.006000
0.004427
-0.086062
0.025816
0.072648
-0.035325
0.090813
-0.000654
0.010036
0.021709
0.048574
-0.077997
0.031129
0.039537
-0.149094
-0.059698
-0.042211
-0.014230
-0.074069
0.034430
0.037669
-0.122482
0.039013
-0.096373
-0.156718
-0.114677
0.058162
-0.067608
0.075371
-0.062613
0.121609
-0.104066
0.007564
-0.028108
-0.066516
-0.036166
-0.077475
0.115082
-0.064694
-0.034844
0.074529
-0.108964
0.027356
-0.097508
-0.198015
0.111385
0.059734
0.060810
-0.034650
0.176321
-0.038525
-0.035783
0.110547
-0.035610
0.037982
-0.050158
-0.046493
0.003875
0.153811
-0.071196
0.095361
-0.090345
-0.137357
-0.043484
-0.036801
-0.001720
-0.111948
0.001511
0.013680
-0.017679
0.032297
0.071772
-0.044201
0.019950
-0.015783
-0.008829
-0.126441
-0.102618
-0.162462
0.015052
-0.050725
0.008457
0.019898
-0.038636
-0.041770
0.059895
-0.097519
0.030292
0.010275
0.061452
-0.017746
0.035578
-0.074036
0.091049
0.073681
-0.070860
-0.129236
-0.307905
0.149035
-0.036572
-0.108186
0.052034
0.113605
-0.098092
0.047008
0.047598
-0.147202
-0.073467
0.031430
0.023300
0.065756
0.110451
-0.174373
-0.028074
0.014885
0.011792
0.049144
-0.075332
0.111001
0.056534
0.083035
0.032530
0.068768
-0.119495
0.067110
-0.298063
0.046811
-0.166910
0.093301
0.048698
0.112572
-0.284416
0.036998
-0.161748
0.055702
0.040904
-0.173718
-0.019750
-0.030382
0.041437
0.022228
0.077260
-0.003519
0.041178
0.021731
-0.010932
0.005195
0.011384
0.057451
0.105479
0.018460
-0.063912
0.009100
0.000660
0.139299
0.008821
-0.263642
0.037804
-0.116166
0.129390
0.027706
-0.044597
-0.216220
0.154826
0.130327
-0.146977
0.042100
0.036873
-0.010193
0.042923
0.015878
0.035012
0.064847
0.069032
-0.130153
-0.128069
-0.001147
-0.034436
0.074245
0.060457
0.136415
-0.149132
0.062104
-0.095098
0.061636
-0.248835
0.035913
-0.107338
0.077143
0.039210
0.122733
-0.158876
0.078140
-0.213851
0.055954
-0.047816
-0.099093
0.090272
0.031110
-0.146259
-0.101373
-0.114415
0.083834
0.069386
-0.204374
-0.049775
-0.028016
0.045069
-0.126672
0.077379
-0.012758
0.003949
-0.074327
0.052385
0.029425
0.029461
0.068697
-0.020632
-0.069963
0.000805
0.034577
-0.081184
-0.125093
-0.107996
-0.011914
0.056046
0.020228
0.041115
-0.008197
0.036900
0.052978
-0.046597
-0.056975
0.005837
0.111991
0.054455
0.023660
0.004972
-0.085353
0.028002
-0.057242
0.046541
-0.012769
0.019944
-0.009722
0.037752
-0.174258
-0.183903
-0.136710
0.115581
-0.003836
0.078179
-0.033369
0.044272
0.080928
0.040572
-0.048160
-0.186894
0.018708
-0.004211
0.041124
-0.004959
0.343557
-0.145879
-0.141670
0.058163
-0.145649
-0.037732
-0.033054
0.080092
0.038888
0.066759
-0.127101
0.050191
0.073796
0.067414
-0.041882
0.011167
0.067876
0.073928
0.027997
0.034019
0.126756
-0.047742
0.066935
-0.036311
0.191620
-0.154740
0.187140
-0.056090
0.111487
-0.140384
0.020498
-0.180363
0.078308
-0.066966
-0.009942
-0.070380
0.064318
-0.012483
0.050829
0.038188
-0.107598
0.027854
-0.073844
-0.043230
-0.228446
0.025179
-0.021015
0.154702
-0.038631
0.034075
-0.034758
-0.042414
0.028670
0.033421
-0.160908
0.059258
0.077519
0.142204
0.007512
0.058783
-0.157035
0.076524
0.056995
-0.106610
-0.038393
0.097923
0.050726
0.011182
0.045908
0.101666
0.099877
-0.139552
0.002977
-0.093557
-0.032342
0.025993
0.088909
0.035268
0.039368
0.058081
-0.143506
0.028834
0.139063
-0.006482
-0.105939
-0.153464
0.088486
0.036838
0.052663
-0.165727
0.028280
-0.191240
0.131973
-0.110355
-0.060271
0.116596
0.055446
-0.126378
-0.128043
-0.025325
-0.005941
0.104274
0.023309
0.005960
-0.131302
0.093708
0.065877
0.051515
0.060411
0.070397
-0.067007
0.077061
-0.037410
0.005573
-0.070036
0.048200
-0.078440
0.092094
0.006001
0.092435
-0.121656
-0.057324
-0.082881
-0.042443
-0.065176
0.012326
-0.063827
0.155207
0.015695
-0.005668
0.024011
-0.006361
0.124012
-0.138892
0.098901
0.075677
-0.052935
0.035784
-0.037404
-0.013976
0.052356
0.025797
0.073903
-0.082750
-0.156777
-0.031615
0.010414
0.122170
0.033608
0.014440
-0.041674
0.071941
0.100077
0.023272
-0.043653
-0.138907
-0.075697
-0.013310
0.135500
-0.080936
-0.078746
-0.024606
0.045284
-0.033305
0.036397
-0.119761
0.096324
-0.061806
0.083855
0.095071
-0.087563
0.029977
-0.158043
-0.044575
-0.020073
0.100237
0.087805
-0.129811
0.073419
0.067398
0.009155
0.071888
-0.296616
0.032541
-0.027985
0.022176
-0.033920
-0.186457
0.103591
0.005883
-0.055441
0.062288
-0.074271
-0.082207
-0.074547
-0.047968
0.054647
0.032194
-0.050100
0.038516
-0.106903
0.079424
0.058206
0.005288
0.012473
0.035410
-0.032649
0.053429
-0.087941
0.101525
0.030267
0.033463
-0.145250
-0.032309
-0.072674
0.023332
0.107780
-0.048558
0.001971
0.018376
0.001102
-0.021617
-0.050462
0.022878
-0.076389
0.041152
0.090502
-0.024414
0.058973
-0.007089
0.123560
-0.146802
-0.067526
0.016906
-0.196444
0.008961
0.087373
0.040416
-0.107775
-0.007469
-0.131265
0.161583
-0.087933
0.027952
-0.281864
-0.025771
0.167883
-0.152981
0.173001
0.066741
-0.106509
0.016778
-0.143359
0.071622
-0.157343
0.057703
-0.059251
-0.018279
-0.070693
0.080498
0.035602
0.071067
-0.013490
-0.066728
-0.087044
0.059781
-0.033355
0.079263
-0.106313
-0.042984
0.062883
-0.040749
0.019463
0.062410
0.007165
0.121573
0.009712
-0.033393
0.084179
0.093468
-0.017367
-0.015288
-0.231910
-0.032070
-0.195156
0.002032
0.013871
0.121459
-0.062368
0.058713
0.083628
-0.070532
-0.170159
0.023852
-0.010294
0.063099
0.007991
0.087745
0.018095
0.006183
0.059809
-0.102310
0.008470
-0.124159
-0.106363
0.048334
0.050069
0.016451
-0.006384
-0.031928
-0.014478
0.054159
-0.023396
0.056073
-0.183580
-0.024351
0.095422
-0.053487
0.078335
0.115292
-0.047553
0.032953
0.009779
-0.073043
0.048258
-0.183273
-0.002512
0.018608
-0.011643
-0.026301
-0.031281
-0.016432
-0.014325
0.000601
-0.078979
-0.014211
0.018464
-0.069276
0.013986
0.036065
0.107635
-0.026720
-0.184108
-0.282876
0.172715
0.190699
-0.045415
-0.059236
0.161098
-0.175373
-0.007224
-0.013826
-0.080380
-0.063219
0.078931
-0.020645
0.020292
0.029082
0.007687
0.029550
-0.100221
0.118987
0.024582
0.068862
-0.040286
0.163454
-0.143752
0.103768
-0.185574
0.037158
0.064970
-0.138151
-0.052181
0.131536
0.021002
0.067601
0.033679
-0.098025
0.044093
0.046597
-0.033706
0.059928
-0.073900
-0.135775
-0.025181
0.065320
-0.016417
-0.031223
-0.050544
-0.128876
-0.003515
0.056526
0.084411
0.008465
0.013600
0.256400
-0.246956
0.064354
-0.175290
0.018329
0.144973
-0.022780
-0.128975
-0.145164
0.103089
0.003995
0.103302
-0.131504
0.076709
0.098503
-0.042341
0.092300
-0.224910
0.111870
-0.025490
0.194041
-0.146525
-0.082089
-0.140550
0.010053
-0.128166
-0.008124
-0.081371
0.050475
-0.120734
0.196515
-0.066740
-0.013581
-0.051707
0.105573
0.003861
-0.018171
-0.152231
-0.022355
0.093067
0.149315
-0.052691
0.030461
-0.096612
-0.017445
0.014207
-0.070671
-0.174566
-0.075618
0.109220
0.099734
-0.052021
0.114108
-0.087561
-0.021607
0.145535
-0.013543
-0.146666
0.141667
-0.132460
-0.057933
-0.086509
-0.045240
-0.065981
-0.033792
0.130861
-0.175730
-0.056949
-0.017837
-0.114564
0.150161
0.071859
0.108937
0.071640
0.003549
-0.003114
0.099882
-0.068391
-0.018167
-0.136502
-0.130262
0.039269
-0.107999
0.030815
0.021703
-0.022845
0.021904
-0.036839
0.144852
-0.019297
-0.043637
0.034202
0.035434
0.038550
-0.047094
-0.065248
0.081231
-0.011270
-0.133439
0.022117
-0.289584
0.188834
-0.178071
0.051557
0.003996
-0.078927
-0.119211
0.062016
-0.095897
0.026041
-0.086589
-0.018911
-0.022847
0.021573
-0.013193
-0.009342
-0.108523
-0.068317
0.042209
-0.155649
-0.100875
0.038342
-0.027739
0.081415
0.134876
-0.154177
0.078315
-0.024446
-0.076689
0.106911
0.000569
0.090587
-0.155245
0.111479
-0.026594
-0.058640
0.078634
-0.070151
-0.043958
-0.064730
-0.051863
0.003190
-0.038294
0.009766
-0.013621
0.027569
-0.123026
-0.030682
-0.034317
0.116170
-0.017505
0.091077
0.020982
0.031131
-0.193454
0.089171
-0.132816
-0.017406
-0.063330
0.015829
-0.015392
-0.062283
0.035967
0.011188
-0.007977
-0.139702
-0.015313
-0.048193
-0.091318
0.129055
-0.149585
0.068249
0.006951
0.130589
-0.186292
0.045602
-0.172430
0.077318
-0.074960
0.113359
0.119389
0.017108
-0.062654
0.082119
-0.064644
-0.033088
0.092288
-0.112291
0.035726
0.040021
0.009013
0.022307
0.096480
0.001584
0.005656
0.026182
0.021815
0.015940
0.013372
-0.034865
-0.067373
0.163052
-0.002675
0.061313
0.031349
-0.061631
0.057789
0.059664
0.055624
-0.049855
-0.018264
0.037499
-0.014322
0.013206
0.062874
-0.098620
0.011900
-0.045823
0.076516
0.107392
0.148030
0.022093
-0.061481
-0.059468
0.053845
0.059840
0.039195
0.025921
0.093425
-0.003848
0.101902
0.062793
-0.093667
0.019116
0.068098
-0.089560
0.114827
-0.111566
0.037892
-0.084976
0.045137
0.110861
-0.002951
0.121328
-0.023423
-0.122943
0.035025
0.010144
0.023682
-0.163310
-0.059119
-0.024607
-0.034295
-0.046352
-0.009733
-0.157588
-0.001975
-0.001989
-0.034811
-0.120316
-0.217789
0.081019
-0.218091
0.075950
-0.150499
-0.291437
-0.165959
-0.038770
-0.035824
-0.101418
-0.031068
0.065488
-0.076521
0.087672
0.012594
-0.082272
-0.148344
-0.031098
0.143851
0.004198
0.070586
0.026985
-0.105178
0.079188
0.176716
-0.169628
0.120363
-0.260869
0.093374
-0.000571
0.071335
0.012051
-0.065848
0.042427
-0.002783
-0.132312
-0.036416
0.081272
0.001586
-0.201990
0.011420
0.048148
-0.032793
0.049758
0.091846
0.010382
-0.036653
0.042847
-0.218995
0.044424
-0.053806
0.072558
-0.007071
0.099406
-0.164462
-0.084692
-0.064579
-0.017851
-0.034704
0.048556
0.055692
-0.012803
-0.073678
0.026948
-0.041192
-0.101518
-0.052938
0.062559
-0.177653
0.045635
-0.175599
0.084468
-0.078048
0.169813
-0.159091
-0.049239
-0.304347
0.083152
-0.203582
0.096289
0.111623
0.068671
0.036225
0.061016
-0.211647
0.099242
0.079629
0.025478
0.037733
0.075978
-0.005226
-0.082636
0.007654
-0.017459
0.003092
-0.048968
0.100912
-0.005373
0.089236
0.002867
0.046561
0.102101
-0.001580
0.086342
-0.081737
-0.156931
0.101208
0.004573
0.035802
0.087842
-0.008408
0.008071
-0.072265
0.030530
-0.007123
-0.138900
0.100828
-0.041891
0.065951
0.012988
0.093900
-0.123220
0.011205
-0.042063
0.060642
0.080691
0.065571
-0.089919
0.111072
0.009760
0.011873
-0.019747
-0.019385
0.015385
0.126045
-0.105264
0.132948
-0.089669
-0.131283
0.043962
-0.070860
-0.072745
0.015539
0.161606
0.044080
0.044365
-0.004342
-0.089542
0.051602
-0.131840
0.076727
-0.034180
-0.095596
0.026323
0.067388
-0.170578
0.038886
0.049048
0.165445
-0.027245
-0.084138
0.081914
-0.132607
0.097555
0.102627
-0.181513
0.008415
-0.082391
0.062768
0.011179
0.052643
0.120509
-0.056966
0.076538
0.066599
-0.215882
-0.070007
-0.021612
-0.056207
-0.001784
-0.040467
-0.105714
-0.011717
0.024786
0.105903
0.030138
0.128864
-0.106120
0.026333
-0.098597
0.027666
0.056254
0.003242
0.027393
0.064951
-0.195308
-0.005876
-0.057282
0.045501
-0.094463
0.112123
0.146708
-0.055555
0.043133
0.096632
-0.243337
0.019824
-0.042122
-0.148234
-0.059238
-0.049580
0.195950
-0.025238
0.153353
-0.117284
-0.010194
-0.117349
-0.068975
0.070183
-0.117295
0.107764
-0.000645
-0.102299
0.020242
0.034404
-0.187582
0.023656
0.039967
-0.106495
-0.034275
-0.123229
0.089650
0.076136
0.164003
-0.124503
-0.080892
-0.116475
0.159674
0.051522
-0.125504
0.045702
0.053912
0.065205
-0.014620
-0.029682
0.084151
-0.093054
0.101959
0.011739
-0.071793
0.048835
0.000976
0.042614
0.044558
0.075056
0.056344
0.124242
0.006860
0.077084
-0.220428
0.050684
-0.023359
-0.196170
0.022554
0.036964
-0.323964
0.048411
-0.038984
0.079606
-0.046685
0.014948
-0.028882
-0.191653
0.019364
0.099402
-0.113411
0.091746
-0.107824
-0.180393
0.009734
-0.037365
-0.061825
0.108697
-0.127941
0.022041
0.081403
-0.004528
0.066298
0.071696
-0.034864
0.054763
-0.000332
0.053935
-0.054019
0.090693
0.051440
0.016513
0.008362
-0.233665
-0.068838
-0.207844
0.075000
0.027223
0.087351
-0.124621
0.002691
0.077793
0.006195
0.116259
0.024799
-0.047456
-0.047413
-0.123592
-0.034349
0.058275
-0.041195
0.011033
-0.116646
-0.017490
0.064290
0.021377
0.024275
-0.101356
0.009284
0.000517
-0.120907
0.111285
-0.129157
0.167094
0.211541
0.134803
-0.081150
-0.133053
-0.020435
0.057620
0.071336
-0.108288
-0.099077
-0.314053
-0.030494
0.055021
-0.120358
0.125302
-0.131869
-0.025708
0.018316
0.028003
-0.007456
-0.024697
0.056733
0.062371
0.017895
-0.093254
-0.004317
0.024908
-0.226268
0.002193
-0.098855
0.048693
0.141835
0.095024
0.161363
-0.176652
0.063881
0.065197
-0.209072
0.052407
-0.178562
-0.126351
0.168707
-0.058014
0.033386
0.092921
0.011770
-0.007697
0.078208
-0.043980
0.017286
0.109175
0.011344
0.028809
-0.051172
-0.059079
-0.021694
0.091691
-0.100859
0.046993
-0.125699
-0.007452
0.047022
-0.016830
0.077913
-0.091376
0.022365
0.026777
-0.150853
-0.027610
-0.082053
0.031267
-0.132583
0.122365
0.050424
-0.085084
-0.008261
-0.092866
-0.016572
0.023528
-0.038968
0.147977
-0.149057
-0.009703
0.053806
0.093922
0.028255
0.115239
0.110055
-0.002098
0.072766
0.117225
0.062847
0.204506
0.021590
-0.206698
0.078603
-0.005142
-0.190856
0.159934
-0.057733
0.097582
0.063036
0.049787
-0.056271
-0.100983
0.005355
0.077020
-0.131393
0.021797
0.013986
-0.156600
0.086821
0.061629
0.022471
0.092639
-0.050118
-0.176768
0.126395
-0.086492
0.033914
-0.126945
0.182418
0.166506
0.023096
0.088385
-0.119500
0.054037
-0.061399
0.014086
-0.135892
-0.099673
-0.082779
-0.057412
0.098870
0.000251
0.108450
-0.008940
-0.062492
0.134330
-0.024540
-0.257355
0.041899
0.031418
0.000313
0.030964
-0.004473
-0.090108
0.065723
0.022030
0.081659
-0.007543
0.104410
0.134476
0.015328
0.093034
0.004373
-0.001323
-0.089628
0.040533
-0.007278
0.101852
0.030416
0.285514
-0.200139
0.105560
-0.165843
0.021123
0.030518
-0.140122
-0.053029
-0.210594
0.023536
0.076431
-0.028850
0.157801
-0.065216
-0.177665
-0.131443
-0.096481
0.160163
0.021498
0.141073
0.134574
-0.063092
0.083163
0.046880
-0.098250
-0.081632
0.039731
-0.082482
-0.053961
0.050986
0.073827
-0.023294
-0.012581
-0.009624
0.057354
-0.209174
0.019368
-0.104704
-0.129874
-0.040577
-0.110839
-0.007875
0.111734
0.046496
-0.110738
-0.175272
-0.108436
-0.002552
0.089367
0.076794
0.162328
-0.211142
0.093347
-0.174060
0.082870
-0.000571
-0.146645
-0.024930
0.041214
0.103457
0.178523
-0.028456
0.014979
-0.080863
-0.088765
0.023207
-0.036252
-0.112874
-0.023147
-0.119252
0.100786
-0.069218
0.059135
-0.014593
-0.175948
-0.021934
-0.065244
0.064176
-0.031229
-0.002652
0.144301
0.059693
-0.034770
-0.017358
-0.050030
0.043446
-0.053188
0.052864
-0.112507
0.014602
0.249750
-0.121572
0.003333
-0.101127
-0.020622
-0.104050
-0.010457
0.026116
-0.079043
0.088727
0.173028
-0.209797
0.092319
-0.169446
-0.022636
-0.191286
-0.131185
-0.039423
-0.097360
-0.023641
0.018052
0.064966
0.106155
0.039024
-0.031685
0.026584
-0.015485
0.023903
-0.065889
0.158390
0.279608
-0.033002
0.109014
0.000805
-0.107899
-0.110278
-0.110850
0.056205
-0.056770
0.013319
-0.061720
0.017013
0.030336
0.066173
0.007458
-0.146046
0.040992
-0.013711
-0.247972
-0.123828
0.003868
0.038715
-0.033196
-0.065446
-0.091743
-0.118886
-0.002024
0.143559
